8
Burnie
Deloraine
Devonport
Hobart
Launceston
Oatlands
Queenstown
Swansea
54
0 2 800 845
0 2 1100 1145
0 2 1400 1445
0 2 1700 1745
0 6 800 1100
0 6 1400 1700
1 2 900 945
1 2 1200 1245
1 2 1500 1545
1 2 1800 1845
1 4 1000 1045
1 4 1300 1345
1 4 1600 1645
1 4 1900 1945
2 0 1000 1045
2 0 1300 1345
2 0 1600 1645
2 0 1900 1945
2 1 900 945
2 1 1200 1245
2 1 1500 1545
2 1 1800 1845
3 5 800 900
3 5 1100 1200
3 5 1400 1500
3 5 1700 1800
3 6 900 1400
3 6 1500 2000
4 1 800 845
4 1 1100 1145
4 1 1400 1445
4 1 1700 1745
4 5 800 930
4 5 1100 1230
4 5 1400 1530
4 5 1700 1830
5 3 930 1030
5 3 1230 1330
5 3 1530 1630
5 3 1830 1930
5 4 900 1030
5 4 1200 1330
5 4 1500 1630
5 4 1800 1930
5 7 800 900
5 7 1200 1300
5 7 1600 1700
6 0 1100 1400
6 0 1700 2000
6 3 900 1400
6 3 1500 2000
7 5 900 1000
7 5 1300 1400
7 5 1700 1800
